{
 "cells": [
  {
   "cell_type": "code",
   "execution_count": 1,
   "id": "0d569346",
   "metadata": {},
   "outputs": [],
   "source": [
    "from itertools import product\n",
    "import matplotlib.pyplot as plt\n",
    "import matplotlib\n",
    "import matplotlib as mpl\n",
    "import numpy as np\n",
    "import xarray as xr\n",
    "import scipy \n",
    "import lightningutil"
   ]
  },
  {
   "cell_type": "code",
   "execution_count": 2,
   "id": "0a7913ca",
   "metadata": {},
   "outputs": [
    {
     "data": {
      "text/plain": [
       "'\\n/aosc/eos20/djallen/lightning/geos/twod/201907            cmap\\n\\nGEOS_cape_hrly.UT.t201907.r180W-30W_50S-50N.nc       *    YlOrRd\\nGEOS_cldht_hrly.UT.t201907.r180W-30W_50S-50N.nc      *    copper  \\nGEOS_l_cbase_hrly.UT.t201907.r180W-30W_50S-50N.nc    *    \\nGEOS_mf_cbase_hrly.UT.t201907.r180W-30W_50S-50N.nc   *    ocean_r\\nGEOS_pblh_hrly.UT.t201907.r180W-30W_50S-50N.nc       *    tab20b , BuPu\\nGEOS_p_cbase_hrly.UT.t201907.r180W-30W_50S-50N.nc    *    PuRd_r\\nGEOS_p_ctop_hrly.UT.t201907.r180W-30W_50S-50N.nc     *    binary , plasma_r *cant have white\\nGEOS_precon_hrly.UT.t201907.r180W-30W_50S-50N.nc     *    cool\\nGEOS_pretot_hrly.UT.t201907.r180W-30W_50S-50N.nc     *    summer\\nGEOS_t_sfc_hrly.UT.t201907.r180W-30W_50S-50N.nc      *    turbo\\nGEOS_z_cbase_hrly.UT.t201907.r180W-30W_50S-50N.nc    *    pink\\n\\n/aosc/eos20/djallen/lightning/geos/twod_440/201907\\n\\nGEOS_cldfrac_conv_440_hrly.UT.t201907.r180W-30W_50S-50N.nc   *\\nGEOS_cldfrac_ls_440_hrly.UT.t201907.r180W-30W_50S-50N.nc     *\\nGEOS_cnv_mfc_440_hrly.UT.t201907.r180W-30W_50S-50N.nc        *   ocean_r\\nGEOS_iwc_440_hrly.UT.t201907.r180W-30W_50S-50N.nc            *   winter\\n\\nlightning\\n\\n/aosc/eos20/djallen/data/lightning/glm/2019\\n\\nGLMmax_hrly_count_f.nominalq.UT.t201907.r180W-30W_50S-50N.nc    *\\nGLMmax_hrly_count_g.nominalq.UT.t201907.r180W-30W_50S-50N.nc    *\\nGLMmax_hrly_energy_f.nominalq.UT.t201907.r180W-30W_50S-50N.nc   *\\nGLMmax_hrly_energy_g.nominalq.UT.t201907.r180W-30W_50S-50N.nc   *\\n'"
      ]
     },
     "execution_count": 2,
     "metadata": {},
     "output_type": "execute_result"
    }
   ],
   "source": [
    "\"\"\"\n",
    "/aosc/eos20/djallen/lightning/geos/twod/201907            cmap\n",
    "\n",
    "GEOS_cape_hrly.UT.t201907.r180W-30W_50S-50N.nc       *    YlOrRd\n",
    "GEOS_cldht_hrly.UT.t201907.r180W-30W_50S-50N.nc      *    copper  \n",
    "GEOS_l_cbase_hrly.UT.t201907.r180W-30W_50S-50N.nc    *    \n",
    "GEOS_mf_cbase_hrly.UT.t201907.r180W-30W_50S-50N.nc   *    ocean_r\n",
    "GEOS_pblh_hrly.UT.t201907.r180W-30W_50S-50N.nc       *    tab20b , BuPu\n",
    "GEOS_p_cbase_hrly.UT.t201907.r180W-30W_50S-50N.nc    *    PuRd_r\n",
    "GEOS_p_ctop_hrly.UT.t201907.r180W-30W_50S-50N.nc     *    binary , plasma_r *cant have white\n",
    "GEOS_precon_hrly.UT.t201907.r180W-30W_50S-50N.nc     *    cool\n",
    "GEOS_pretot_hrly.UT.t201907.r180W-30W_50S-50N.nc     *    summer\n",
    "GEOS_t_sfc_hrly.UT.t201907.r180W-30W_50S-50N.nc      *    turbo\n",
    "GEOS_z_cbase_hrly.UT.t201907.r180W-30W_50S-50N.nc    *    pink\n",
    "\n",
    "/aosc/eos20/djallen/lightning/geos/twod_440/201907\n",
    "\n",
    "GEOS_cldfrac_conv_440_hrly.UT.t201907.r180W-30W_50S-50N.nc   *\n",
    "GEOS_cldfrac_ls_440_hrly.UT.t201907.r180W-30W_50S-50N.nc     *\n",
    "GEOS_cnv_mfc_440_hrly.UT.t201907.r180W-30W_50S-50N.nc        *   ocean_r\n",
    "GEOS_iwc_440_hrly.UT.t201907.r180W-30W_50S-50N.nc            *   winter\n",
    "\n",
    "lightning\n",
    "\n",
    "/aosc/eos20/djallen/data/lightning/glm/2019\n",
    "\n",
    "GLMmax_hrly_count_f.nominalq.UT.t201907.r180W-30W_50S-50N.nc    *\n",
    "GLMmax_hrly_count_g.nominalq.UT.t201907.r180W-30W_50S-50N.nc    *\n",
    "GLMmax_hrly_energy_f.nominalq.UT.t201907.r180W-30W_50S-50N.nc   *\n",
    "GLMmax_hrly_energy_g.nominalq.UT.t201907.r180W-30W_50S-50N.nc   *\n",
    "\"\"\""
   ]
  },
  {
   "cell_type": "code",
   "execution_count": 2,
   "id": "48bcc966",
   "metadata": {},
   "outputs": [],
   "source": [
    "mo_str='07'\n",
    "yr_str='2019'\n",
    "\n",
    "list_of_files=[\n",
    "    f\"/aosc/eos20/djallen/lightning/geos/twod/{yr_str}{mo_str}/GEOS_cape_hrly.UT.t{yr_str}{mo_str}.r180W-30W_50S-50N.nc\",\n",
    "    f\"/aosc/eos20/djallen/lightning/geos/twod/{yr_str}{mo_str}/GEOS_cldht_hrly.UT.t{yr_str}{mo_str}.r180W-30W_50S-50N.nc\",\n",
    "    f\"/aosc/eos20/djallen/lightning/geos/twod/{yr_str}{mo_str}/GEOS_l_cbase_hrly.UT.t{yr_str}{mo_str}.r180W-30W_50S-50N.nc\",\n",
    "    f\"/aosc/eos20/djallen/lightning/geos/twod/{yr_str}{mo_str}/GEOS_mf_cbase_hrly.UT.t{yr_str}{mo_str}.r180W-30W_50S-50N.nc\",\n",
    "    f\"/aosc/eos20/djallen/lightning/geos/twod/{yr_str}{mo_str}/GEOS_pblh_hrly.UT.t{yr_str}{mo_str}.r180W-30W_50S-50N.nc\",\n",
    "    f\"/aosc/eos20/djallen/lightning/geos/twod/{yr_str}{mo_str}/GEOS_p_cbase_hrly.UT.t{yr_str}{mo_str}.r180W-30W_50S-50N.nc\",\n",
    "    f\"/aosc/eos20/djallen/lightning/geos/twod/{yr_str}{mo_str}/GEOS_p_ctop_hrly.UT.t{yr_str}{mo_str}.r180W-30W_50S-50N.nc\",\n",
    "    f\"/aosc/eos20/djallen/lightning/geos/twod/{yr_str}{mo_str}/GEOS_precon_hrly.UT.t{yr_str}{mo_str}.r180W-30W_50S-50N.nc\",\n",
    "    f\"/aosc/eos20/djallen/lightning/geos/twod/{yr_str}{mo_str}/GEOS_pretot_hrly.UT.t{yr_str}{mo_str}.r180W-30W_50S-50N.nc\",\n",
    "    f\"/aosc/eos20/djallen/lightning/geos/twod/{yr_str}{mo_str}/GEOS_t_sfc_hrly.UT.t{yr_str}{mo_str}.r180W-30W_50S-50N.nc\",\n",
    "    f\"/aosc/eos20/djallen/lightning/geos/twod/{yr_str}{mo_str}/GEOS_z_cbase_hrly.UT.t{yr_str}{mo_str}.r180W-30W_50S-50N.nc\",\n",
    "    \n",
    "    f\"/aosc/eos20/djallen/lightning/geos/twod_440/{yr_str}{mo_str}/GEOS_cldfrac_conv_440_hrly.UT.t{yr_str}{mo_str}.r180W-30W_50S-50N.nc\",\n",
    "    f\"/aosc/eos20/djallen/lightning/geos/twod_440/{yr_str}{mo_str}/GEOS_cldfrac_ls_440_hrly.UT.t{yr_str}{mo_str}.r180W-30W_50S-50N.nc\",\n",
    "    f\"/aosc/eos20/djallen/lightning/geos/twod_440/{yr_str}{mo_str}/GEOS_cnv_mfc_440_hrly.UT.t{yr_str}{mo_str}.r180W-30W_50S-50N.nc\",\n",
    "    f\"/aosc/eos20/djallen/lightning/geos/twod_440/{yr_str}{mo_str}/GEOS_iwc_440_hrly.UT.t{yr_str}{mo_str}.r180W-30W_50S-50N.nc\",\n",
    "    \n",
    "    f\"/aosc/eos20/djallen/data/lightning/glm/{yr_str}/GLMmax_hrly_count_f.nominalq.UT.t{yr_str}{mo_str}.r180W-30W_50S-50N.nc\",\n",
    "    f\"/aosc/eos20/djallen/data/lightning/glm/{yr_str}/GLMmax_hrly_count_g.nominalq.UT.t{yr_str}{mo_str}.r180W-30W_50S-50N.nc\",\n",
    "    f\"/aosc/eos20/djallen/data/lightning/glm/{yr_str}/GLMmax_hrly_energy_f.nominalq.UT.t{yr_str}{mo_str}.r180W-30W_50S-50N.nc\",\n",
    "    f\"/aosc/eos20/djallen/data/lightning/glm/{yr_str}/GLMmax_hrly_energy_g.nominalq.UT.t{yr_str}{mo_str}.r180W-30W_50S-50N.nc\",\n",
    "]"
   ]
  },
  {
   "cell_type": "code",
   "execution_count": 3,
   "id": "60118f64",
   "metadata": {},
   "outputs": [],
   "source": [
    "mo_str='08'\n",
    "yr_str='2019'\n",
    "\n",
    "list_of_files_02=[\n",
    "    f\"/aosc/eos20/djallen/lightning/geos/twod/{yr_str}{mo_str}/GEOS_cape_hrly.UT.t{yr_str}{mo_str}.r180W-30W_50S-50N.nc\",\n",
    "    f\"/aosc/eos20/djallen/lightning/geos/twod/{yr_str}{mo_str}/GEOS_cldht_hrly.UT.t{yr_str}{mo_str}.r180W-30W_50S-50N.nc\",\n",
    "    f\"/aosc/eos20/djallen/lightning/geos/twod/{yr_str}{mo_str}/GEOS_l_cbase_hrly.UT.t{yr_str}{mo_str}.r180W-30W_50S-50N.nc\",\n",
    "    f\"/aosc/eos20/djallen/lightning/geos/twod/{yr_str}{mo_str}/GEOS_mf_cbase_hrly.UT.t{yr_str}{mo_str}.r180W-30W_50S-50N.nc\",\n",
    "    f\"/aosc/eos20/djallen/lightning/geos/twod/{yr_str}{mo_str}/GEOS_pblh_hrly.UT.t{yr_str}{mo_str}.r180W-30W_50S-50N.nc\",\n",
    "    f\"/aosc/eos20/djallen/lightning/geos/twod/{yr_str}{mo_str}/GEOS_p_cbase_hrly.UT.t{yr_str}{mo_str}.r180W-30W_50S-50N.nc\",\n",
    "    f\"/aosc/eos20/djallen/lightning/geos/twod/{yr_str}{mo_str}/GEOS_p_ctop_hrly.UT.t{yr_str}{mo_str}.r180W-30W_50S-50N.nc\",\n",
    "    f\"/aosc/eos20/djallen/lightning/geos/twod/{yr_str}{mo_str}/GEOS_precon_hrly.UT.t{yr_str}{mo_str}.r180W-30W_50S-50N.nc\",\n",
    "    f\"/aosc/eos20/djallen/lightning/geos/twod/{yr_str}{mo_str}/GEOS_pretot_hrly.UT.t{yr_str}{mo_str}.r180W-30W_50S-50N.nc\",\n",
    "    f\"/aosc/eos20/djallen/lightning/geos/twod/{yr_str}{mo_str}/GEOS_t_sfc_hrly.UT.t{yr_str}{mo_str}.r180W-30W_50S-50N.nc\",\n",
    "    f\"/aosc/eos20/djallen/lightning/geos/twod/{yr_str}{mo_str}/GEOS_z_cbase_hrly.UT.t{yr_str}{mo_str}.r180W-30W_50S-50N.nc\",\n",
    "    \n",
    "    f\"/aosc/eos20/djallen/lightning/geos/twod_440/{yr_str}{mo_str}/GEOS_cldfrac_conv_440_hrly.UT.t{yr_str}{mo_str}.r180W-30W_50S-50N.nc\",\n",
    "    f\"/aosc/eos20/djallen/lightning/geos/twod_440/{yr_str}{mo_str}/GEOS_cldfrac_ls_440_hrly.UT.t{yr_str}{mo_str}.r180W-30W_50S-50N.nc\",\n",
    "    f\"/aosc/eos20/djallen/lightning/geos/twod_440/{yr_str}{mo_str}/GEOS_cnv_mfc_440_hrly.UT.t{yr_str}{mo_str}.r180W-30W_50S-50N.nc\",\n",
    "    f\"/aosc/eos20/djallen/lightning/geos/twod_440/{yr_str}{mo_str}/GEOS_iwc_440_hrly.UT.t{yr_str}{mo_str}.r180W-30W_50S-50N.nc\",\n",
    "    \n",
    "    f\"/aosc/eos20/djallen/data/lightning/glm/{yr_str}/GLMmax_hrly_count_f.nominalq.UT.t{yr_str}{mo_str}.r180W-30W_50S-50N.nc\",\n",
    "    f\"/aosc/eos20/djallen/data/lightning/glm/{yr_str}/GLMmax_hrly_count_g.nominalq.UT.t{yr_str}{mo_str}.r180W-30W_50S-50N.nc\",\n",
    "    f\"/aosc/eos20/djallen/data/lightning/glm/{yr_str}/GLMmax_hrly_energy_f.nominalq.UT.t{yr_str}{mo_str}.r180W-30W_50S-50N.nc\",\n",
    "    f\"/aosc/eos20/djallen/data/lightning/glm/{yr_str}/GLMmax_hrly_energy_g.nominalq.UT.t{yr_str}{mo_str}.r180W-30W_50S-50N.nc\",\n",
    "]"
   ]
  },
  {
   "cell_type": "code",
   "execution_count": 15,
   "id": "b6f6fb6c",
   "metadata": {},
   "outputs": [
    {
     "name": "stdout",
     "output_type": "stream",
     "text": [
      "0 0\n",
      "0 1\n",
      "0 2\n",
      "0 3\n",
      "0 4\n",
      "0 5\n",
      "0 6\n",
      "0 7\n",
      "0 8\n",
      "0 9\n",
      "0 10\n",
      "0 11\n",
      "0 12\n",
      "0 13\n",
      "0 14\n",
      "0 15\n",
      "0 16\n",
      "0 17\n",
      "0 18\n",
      "1 0\n",
      "1 1\n",
      "1 2\n",
      "1 3\n",
      "1 4\n",
      "1 5\n",
      "1 6\n",
      "1 7\n",
      "1 8\n",
      "1 9\n",
      "1 10\n",
      "1 11\n",
      "1 12\n",
      "1 13\n",
      "1 14\n",
      "1 15\n",
      "1 16\n",
      "1 17\n",
      "1 18\n",
      "2 0\n",
      "2 1\n",
      "2 2\n",
      "2 3\n",
      "2 4\n",
      "2 5\n",
      "2 6\n",
      "2 7\n",
      "2 8\n",
      "2 9\n",
      "2 10\n",
      "2 11\n",
      "2 12\n",
      "2 13\n",
      "2 14\n",
      "2 15\n",
      "2 16\n",
      "2 17\n",
      "2 18\n",
      "3 0\n",
      "3 1\n",
      "3 2\n",
      "3 3\n",
      "3 4\n",
      "3 5\n",
      "3 6\n",
      "3 7\n",
      "3 8\n",
      "3 9\n",
      "3 10\n",
      "3 11\n",
      "3 12\n",
      "3 13\n",
      "3 14\n",
      "3 15\n",
      "3 16\n",
      "3 17\n",
      "3 18\n",
      "4 0\n",
      "4 1\n",
      "4 2\n",
      "4 3\n",
      "4 4\n",
      "4 5\n",
      "4 6\n",
      "4 7\n",
      "4 8\n",
      "4 9\n",
      "4 10\n",
      "4 11\n",
      "4 12\n",
      "4 13\n",
      "4 14\n",
      "4 15\n",
      "4 16\n",
      "4 17\n",
      "4 18\n",
      "5 0\n",
      "5 1\n",
      "5 2\n",
      "5 3\n",
      "5 4\n",
      "5 5\n",
      "5 6\n",
      "5 7\n",
      "5 8\n",
      "5 9\n",
      "5 10\n",
      "5 11\n",
      "5 12\n",
      "5 13\n",
      "5 14\n",
      "5 15\n",
      "5 16\n",
      "5 17\n",
      "5 18\n",
      "6 0\n",
      "6 1\n",
      "6 2\n",
      "6 3\n",
      "6 4\n",
      "6 5\n",
      "6 6\n",
      "6 7\n",
      "6 8\n",
      "6 9\n",
      "6 10\n",
      "6 11\n",
      "6 12\n",
      "6 13\n",
      "6 14\n",
      "6 15\n",
      "6 16\n",
      "6 17\n",
      "6 18\n",
      "7 0\n",
      "7 1\n",
      "7 2\n",
      "7 3\n",
      "7 4\n",
      "7 5\n",
      "7 6\n",
      "7 7\n",
      "7 8\n",
      "7 9\n",
      "7 10\n",
      "7 11\n",
      "7 12\n",
      "7 13\n",
      "7 14\n",
      "7 15\n",
      "7 16\n",
      "7 17\n",
      "7 18\n",
      "8 0\n",
      "8 1\n",
      "8 2\n",
      "8 3\n",
      "8 4\n",
      "8 5\n",
      "8 6\n",
      "8 7\n",
      "8 8\n",
      "8 9\n",
      "8 10\n",
      "8 11\n",
      "8 12\n",
      "8 13\n",
      "8 14\n",
      "8 15\n",
      "8 16\n",
      "8 17\n",
      "8 18\n",
      "9 0\n",
      "9 1\n",
      "9 2\n",
      "9 3\n",
      "9 4\n",
      "9 5\n",
      "9 6\n",
      "9 7\n",
      "9 8\n",
      "9 9\n",
      "9 10\n",
      "9 11\n",
      "9 12\n",
      "9 13\n",
      "9 14\n",
      "9 15\n",
      "9 16\n",
      "9 17\n",
      "9 18\n",
      "10 0\n",
      "10 1\n",
      "10 2\n",
      "10 3\n",
      "10 4\n",
      "10 5\n",
      "10 6\n",
      "10 7\n",
      "10 8\n",
      "10 9\n",
      "10 10\n",
      "10 11\n",
      "10 12\n",
      "10 13\n",
      "10 14\n",
      "10 15\n",
      "10 16\n",
      "10 17\n",
      "10 18\n",
      "11 0\n",
      "11 1\n",
      "11 2\n",
      "11 3\n",
      "11 4\n",
      "11 5\n",
      "11 6\n",
      "11 7\n",
      "11 8\n",
      "11 9\n",
      "11 10\n",
      "11 11\n",
      "11 12\n",
      "11 13\n",
      "11 14\n",
      "11 15\n",
      "11 16\n",
      "11 17\n",
      "11 18\n",
      "12 0\n",
      "12 1\n",
      "12 2\n",
      "12 3\n",
      "12 4\n",
      "12 5\n",
      "12 6\n",
      "12 7\n",
      "12 8\n",
      "12 9\n",
      "12 10\n",
      "12 11\n",
      "12 12\n",
      "12 13\n",
      "12 14\n",
      "12 15\n",
      "12 16\n",
      "12 17\n",
      "12 18\n",
      "13 0\n",
      "13 1\n",
      "13 2\n",
      "13 3\n",
      "13 4\n",
      "13 5\n",
      "13 6\n",
      "13 7\n",
      "13 8\n",
      "13 9\n",
      "13 10\n",
      "13 11\n",
      "13 12\n",
      "13 13\n",
      "13 14\n",
      "13 15\n",
      "13 16\n",
      "13 17\n",
      "13 18\n",
      "14 0\n",
      "14 1\n",
      "14 2\n",
      "14 3\n",
      "14 4\n",
      "14 5\n",
      "14 6\n",
      "14 7\n",
      "14 8\n",
      "14 9\n",
      "14 10\n",
      "14 11\n",
      "14 12\n",
      "14 13\n",
      "14 14\n",
      "14 15\n",
      "14 16\n",
      "14 17\n",
      "14 18\n",
      "15 0\n",
      "15 1\n",
      "15 2\n",
      "15 3\n",
      "15 4\n",
      "15 5\n",
      "15 6\n",
      "15 7\n",
      "15 8\n",
      "15 9\n",
      "15 10\n",
      "15 11\n",
      "15 12\n",
      "15 13\n",
      "15 14\n",
      "15 15\n",
      "15 16\n",
      "15 17\n",
      "15 18\n",
      "16 0\n",
      "16 1\n",
      "16 2\n",
      "16 3\n",
      "16 4\n",
      "16 5\n",
      "16 6\n",
      "16 7\n",
      "16 8\n",
      "16 9\n",
      "16 10\n",
      "16 11\n",
      "16 12\n",
      "16 13\n",
      "16 14\n",
      "16 15\n",
      "16 16\n",
      "16 17\n",
      "16 18\n",
      "17 0\n",
      "17 1\n",
      "17 2\n",
      "17 3\n",
      "17 4\n",
      "17 5\n",
      "17 6\n",
      "17 7\n",
      "17 8\n",
      "17 9\n",
      "17 10\n",
      "17 11\n",
      "17 12\n",
      "17 13\n",
      "17 14\n",
      "17 15\n",
      "17 16\n",
      "17 17\n",
      "17 18\n",
      "18 0\n",
      "18 1\n",
      "18 2\n",
      "18 3\n",
      "18 4\n",
      "18 5\n",
      "18 6\n",
      "18 7\n",
      "18 8\n",
      "18 9\n",
      "18 10\n",
      "18 11\n",
      "18 12\n",
      "18 13\n",
      "18 14\n",
      "18 15\n",
      "18 16\n",
      "18 17\n",
      "18 18\n"
     ]
    }
   ],
   "source": [
    "matrix_corr = np.zeros((19,19))\n",
    "\n",
    "for (f1, f2), (n1, n2) in zip(product(list_of_files, list_of_files),product(range(0,19),range(0,19))):\n",
    "\n",
    "    print(n1, n2)\n",
    "    \n",
    "    # open and preprocess coordinates\n",
    "    ds_var1 = lightningutil.open_and_preprocess(f1, lightningutil.variables)\n",
    "    ds_var2 = lightningutil.open_and_preprocess(f2, lightningutil.variables)\n",
    "    \n",
    "    # reshape into 2D array\n",
    "    ds_var1_v2 = ds_var1.stack(point=(\"Longitudes\",\"Latitudes\"))\n",
    "    ds_var2_v2 = ds_var2.stack(point=(\"Longitudes\",\"Latitudes\"))\n",
    "    \n",
    "    # mask nans out\n",
    "    ds_var1_v2 = ds_var1_v2.values.flatten()[~np.isnan(ds_var2_v2.values.flatten())]\n",
    "    ds_var2_v2 = ds_var2_v2.values.flatten()[~np.isnan(ds_var2_v2.values.flatten())]\n",
    "    \n",
    "    ds_var2_v2 = ds_var2_v2[~np.isnan(ds_var1_v2)]\n",
    "    ds_var1_v2 = ds_var1_v2[~np.isnan(ds_var1_v2)]\n",
    "    \n",
    "    matrix_corr[n1,n2] = scipy.stats.pearsonr(\n",
    "        ds_var1_v2,\n",
    "        ds_var2_v2\n",
    "    )[0]"
   ]
  },
  {
   "cell_type": "code",
   "execution_count": 16,
   "id": "f2045d34",
   "metadata": {},
   "outputs": [
    {
     "data": {
      "text/plain": [
       "array([[ 1.00000000e+00,  7.52234937e-01,  1.93199223e-01,\n",
       "         8.91241775e-02, -1.77527188e-01,  1.33139013e-01,\n",
       "        -6.57484519e-01,  2.08237873e-01,  1.03782272e-01,\n",
       "         4.42594718e-01, -1.58414112e-01, -1.09186298e-02,\n",
       "        -9.56092024e-03,  2.06187345e-01, -2.41936124e-02,\n",
       "         8.20352390e-02,  6.60139408e-02,  8.82227958e-02,\n",
       "         1.37982515e-02],\n",
       "       [ 7.52234937e-01,  1.00000000e+00,  2.08576269e-01,\n",
       "         2.54195307e-01, -2.14197310e-01, -1.00212628e-02,\n",
       "        -9.56312324e-01,  3.97868058e-01,  2.22552488e-01,\n",
       "         4.20281436e-01, -1.65824418e-01,  2.82167102e-02,\n",
       "         6.88081254e-02,  4.08966023e-01,  2.82309692e-02,\n",
       "         7.42473333e-02,  6.05369259e-02,  7.62893229e-02,\n",
       "         1.17229392e-02],\n",
       "       [ 1.93199223e-01,  2.08576269e-01,  1.00000000e+00,\n",
       "         1.02422798e-02, -9.70101852e-01,  2.23195567e-01,\n",
       "        -1.44532205e-01,  5.49205092e-02,  1.91099635e-02,\n",
       "        -1.70910997e-01, -9.86395100e-01, -3.23396330e-02,\n",
       "         4.34573362e-02,  5.26156663e-03,  1.22743740e-02,\n",
       "        -1.83033560e-02,  3.91257582e-04, -4.31115763e-03,\n",
       "         1.14660463e-03],\n",
       "       [ 8.91241775e-02,  2.54195307e-01,  1.02422798e-02,\n",
       "         1.00000000e+00, -1.87886227e-02, -1.05776499e-01,\n",
       "         2.04156391e-01,  7.41207376e-01,  4.94867337e-01,\n",
       "         5.30908010e-02, -1.08821411e-02,  2.17895416e-01,\n",
       "         6.75027037e-02,  6.45609221e-01,  9.18068438e-02,\n",
       "         5.03619336e-02,  3.20193849e-02,  4.44544680e-02,\n",
       "         2.61205758e-03],\n",
       "       [-1.77527188e-01, -2.14197310e-01, -9.70101852e-01,\n",
       "        -1.87886227e-02,  1.00000000e+00, -1.34865388e-01,\n",
       "         1.13642258e-01, -5.12652870e-02, -1.67493785e-02,\n",
       "         2.49399138e-01,  9.75123937e-01,  2.27900792e-02,\n",
       "        -4.98225920e-02, -1.56414935e-02, -1.57940199e-02,\n",
       "         1.35029512e-02, -2.59792291e-03,  1.27790886e-03,\n",
       "        -1.03028489e-03],\n",
       "       [ 1.33139013e-01, -1.00212628e-02,  2.23195567e-01,\n",
       "        -1.05776499e-01, -1.34865388e-01,  1.00000000e+00,\n",
       "         3.10310127e-02, -4.24604253e-03,  2.09426224e-03,\n",
       "         2.02612721e-01, -2.19479688e-01, -5.66992625e-02,\n",
       "         5.06566414e-03, -2.82573716e-01, -1.69661455e-02,\n",
       "        -5.07803811e-02, -2.13273083e-02, -2.67120943e-02,\n",
       "        -1.66983878e-04],\n",
       "       [-6.57484519e-01, -9.56312324e-01, -1.44532205e-01,\n",
       "         2.04156391e-01,  1.13642258e-01,  3.10310127e-02,\n",
       "         1.00000000e+00, -1.50927084e-01, -4.43060400e-02,\n",
       "        -5.30836736e-01,  1.03678671e-01,  7.63808606e-02,\n",
       "         4.06008036e-02, -2.63884641e-01,  7.63952730e-02,\n",
       "        -4.84225459e-02, -4.24824947e-02, -5.05412106e-02,\n",
       "        -8.55288364e-03],\n",
       "       [ 2.08237873e-01,  3.97868058e-01,  5.49205092e-02,\n",
       "         7.41207376e-01, -5.12652870e-02, -4.24604253e-03,\n",
       "        -1.50927084e-01,  1.00000000e+00,  7.12695928e-01,\n",
       "         1.48346645e-01, -4.77420495e-02,  1.04809266e-01,\n",
       "         8.48110848e-02,  7.86663552e-01,  9.40832265e-02,\n",
       "         5.94920541e-02,  4.17486909e-02,  5.57899804e-02,\n",
       "         3.57366981e-03],\n",
       "       [ 1.03782272e-01,  2.22552488e-01,  1.91099635e-02,\n",
       "         4.94867337e-01, -1.67493785e-02,  2.09426224e-03,\n",
       "        -4.43060400e-02,  7.12695928e-01,  1.00000000e+00,\n",
       "         3.66012505e-02, -1.82844325e-02,  1.69604575e-01,\n",
       "         2.78525539e-01,  4.90227373e-01,  4.10603199e-01,\n",
       "         3.08180951e-02,  2.29684967e-02,  3.16258727e-02,\n",
       "         1.55252987e-03],\n",
       "       [ 4.42594718e-01,  4.20281436e-01, -1.70910997e-01,\n",
       "         5.30908010e-02,  2.49399138e-01,  2.02612721e-01,\n",
       "        -5.30836736e-01,  1.48346645e-01,  3.66012505e-02,\n",
       "         1.00000000e+00,  2.32593164e-01, -8.54237567e-02,\n",
       "        -1.74620187e-01,  1.36457708e-01, -1.12136611e-01,\n",
       "         3.60778017e-02,  2.49083032e-02,  3.30703099e-02,\n",
       "         5.84270198e-03],\n",
       "       [-1.58414112e-01, -1.65824418e-01, -9.86395100e-01,\n",
       "        -1.08821411e-02,  9.75123937e-01, -2.19479688e-01,\n",
       "         1.03678671e-01, -4.77420495e-02, -1.82844325e-02,\n",
       "         2.32593164e-01,  1.00000000e+00,  2.51765418e-02,\n",
       "        -4.96450380e-02,  4.67738795e-03, -1.50307119e-02,\n",
       "         2.16835633e-02,  1.74398457e-03,  7.11764127e-03,\n",
       "        -7.60579181e-04],\n",
       "       [-1.09186298e-02,  2.82167102e-02, -3.23396330e-02,\n",
       "         2.17895416e-01,  2.27900792e-02, -5.66992625e-02,\n",
       "         7.63808606e-02,  1.04809266e-01,  1.69604575e-01,\n",
       "        -8.54237567e-02,  2.51765418e-02,  1.00000000e+00,\n",
       "         1.04418778e-01,  1.14671127e-01,  1.68225874e-01,\n",
       "         7.94310691e-03,  3.03432743e-03,  8.39770228e-03,\n",
       "         2.15450415e-04],\n",
       "       [-9.56092024e-03,  6.88081254e-02,  4.34573362e-02,\n",
       "         6.75027037e-02, -4.98225920e-02,  5.06566414e-03,\n",
       "         4.06008036e-02,  8.48110848e-02,  2.78525539e-01,\n",
       "        -1.74620187e-01, -4.96450380e-02,  1.04418778e-01,\n",
       "         1.00000000e+00,  3.82999357e-02,  7.38130316e-01,\n",
       "         3.64245668e-03,  3.49815185e-03,  6.12440321e-03,\n",
       "        -2.42719186e-04],\n",
       "       [ 2.06187345e-01,  4.08966023e-01,  5.26156663e-03,\n",
       "         6.45609221e-01, -1.56414935e-02, -2.82573716e-01,\n",
       "        -2.63884641e-01,  7.86663552e-01,  4.90227373e-01,\n",
       "         1.36457708e-01,  4.67738795e-03,  1.14671127e-01,\n",
       "         3.82999357e-02,  1.00000000e+00,  5.64737881e-02,\n",
       "         9.93554235e-02,  5.95666306e-02,  8.01537313e-02,\n",
       "         5.42462025e-03],\n",
       "       [-2.41936124e-02,  2.82309692e-02,  1.22743740e-02,\n",
       "         9.18068438e-02, -1.57940199e-02, -1.69661455e-02,\n",
       "         7.63952730e-02,  9.40832265e-02,  4.10603199e-01,\n",
       "        -1.12136611e-01, -1.50307119e-02,  1.68225874e-01,\n",
       "         7.38130316e-01,  5.64737881e-02,  1.00000000e+00,\n",
       "         5.93679392e-03,  3.81588144e-03,  7.06819660e-03,\n",
       "        -9.45446327e-05],\n",
       "       [ 8.20352390e-02,  7.42473333e-02, -1.83033560e-02,\n",
       "         5.03619336e-02,  1.35029512e-02, -5.07803811e-02,\n",
       "        -4.84225459e-02,  5.94920541e-02,  3.08180951e-02,\n",
       "         3.60778017e-02,  2.16835633e-02,  7.94310691e-03,\n",
       "         3.64245668e-03,  9.93554235e-02,  5.93679392e-03,\n",
       "         1.00000000e+00,  6.96773610e-01,  7.83913626e-01,\n",
       "         5.87557047e-02],\n",
       "       [ 6.60139408e-02,  6.05369259e-02,  3.91257582e-04,\n",
       "         3.20193849e-02, -2.59792291e-03, -2.13273083e-02,\n",
       "        -4.24824947e-02,  4.17486909e-02,  2.29684967e-02,\n",
       "         2.49083032e-02,  1.74398457e-03,  3.03432743e-03,\n",
       "         3.49815185e-03,  5.95666306e-02,  3.81588144e-03,\n",
       "         6.96773610e-01,  1.00000000e+00,  7.36357325e-01,\n",
       "         3.12385996e-01],\n",
       "       [ 8.82227958e-02,  7.62893229e-02, -4.31115763e-03,\n",
       "         4.44544680e-02,  1.27790886e-03, -2.67120943e-02,\n",
       "        -5.05412106e-02,  5.57899804e-02,  3.16258727e-02,\n",
       "         3.30703099e-02,  7.11764127e-03,  8.39770228e-03,\n",
       "         6.12440321e-03,  8.01537313e-02,  7.06819660e-03,\n",
       "         7.83913626e-01,  7.36357325e-01,  1.00000000e+00,\n",
       "         8.81585558e-02],\n",
       "       [ 1.37982515e-02,  1.17229392e-02,  1.14660463e-03,\n",
       "         2.61205758e-03, -1.03028489e-03, -1.66983878e-04,\n",
       "        -8.55288364e-03,  3.57366981e-03,  1.55252987e-03,\n",
       "         5.84270198e-03, -7.60579181e-04,  2.15450415e-04,\n",
       "        -2.42719186e-04,  5.42462025e-03, -9.45446327e-05,\n",
       "         5.87557047e-02,  3.12385996e-01,  8.81585558e-02,\n",
       "         1.00000000e+00]])"
      ]
     },
     "execution_count": 16,
     "metadata": {},
     "output_type": "execute_result"
    }
   ],
   "source": [
    "matrix_corr"
   ]
  },
  {
   "cell_type": "code",
   "execution_count": 23,
   "id": "0a87804a",
   "metadata": {},
   "outputs": [
    {
     "data": {
